0.000000000077
0.000000000995
0.000000006967
0.000000034837
0.000000139349
0.000000473788
0.000001420369
0.000003845048
0.000009554393
0.000022052044
0.000047699303
0.000097363432
0.000188573593
0.000348087934
0.000614606543
0.001041159067
0.001696488485
0.002664604573
0.004041661411
0.005929483602
0.008425461454
0.011609149546
0.015526670539
0.020174805464
0.025487263816
0.031325892598
0.037479361541
0.043671086720
0.049576874951
0.054851186401
0.059159313743
0.062211483862
0.063794193554
0.063794193554
0.062211483862
0.059159313743
0.054851186401
0.049576874951
0.043671086720
0.037479361541
0.031325892598
0.025487263816
0.020174805464
0.015526670539
0.011609149546
0.008425461454
0.005929483602
0.004041661411
0.002664604573
0.001696488485
0.001041159067
0.000614606543
0.000348087934
0.000188573593
0.000097363432
0.000047699303
0.000022052044
0.000009554393
0.000003845048
0.000001420369
0.000000473788
0.000000139349
0.000000034837
0.000000006967
0.000000000995
0.000000000077
